P0: 540.0000000000001 0.0 540.0 0.0 0.0 540.0000000000001 360.0 0.0 0.0 0.0 1.0 0.0
P1: 540.0000000000001 0.0 540.0 0.0 0.0 540.0000000000001 360.0 0.0 0.0 0.0 1.0 0.0
P2: 540.0000000000001 0.0 540.0 0.0 0.0 540.0000000000001 360.0 0.0 0.0 0.0 1.0 0.0
P3: 540.0000000000001 0.0 540.0 0.0 0.0 540.0000000000001 360.0 0.0 0.0 0.0 1.0 0.0
P4: 540.0000000000001 0.0 540.0 0.0 0.0 540.0000000000001 360.0 0.0 0.0 0.0 1.0 0.0
P5: 540.0000000000001 0.0 540.0 0.0 0.0 540.0000000000001 360.0 0.0 0.0 0.0 1.0 0.0
R0_rect: 1.0 0.0 0.0 0.0 1.0 0.0 0.0 0.0 1.0
Tr_velo_to_cam: 0.0 -1.0 0.0 0.0 0.0 0.0 -1.0 0.0 1.0 0.0 0.0 0.0
TR_imu_to_velo: 1.0 0.0 0.0 0.0 0.0 1.0 0.0 0.0 0.0 0.0 1.0 0.0
TR_cam_to_road: 1.0 0.0 0.0 1.399999976158142 0.0 1.0 0.0 -1.399999976158142 0.0 0.0 1.0 0.0
